001001010001100001000011
000011100000000001
001011001101010011010101
000110100010010010010010010010010010
110011110011110011111111110011110011001011001011001011001011
101000111001000110
110011110011110011111111101000100011001010100011101010001001010001100001000011100000000001000100
100011111001110001111100001100001001010001100001000011100000000001000100000010
101010111001101010100011001001010001100001000011100000000001000100000010010000
001011001101010011010101100011001001010001100001000011100000
001011001101010011010101100011001001010001100001000011100000
001011001001001101010001010011100001111111011111101111000000
001011101000010101100101110001111100001001010001100001111010001111010111
001101001011101010001011101010001011
010011111100001011011000
